function [MDP] = WSCT_get_data_614(MDP)
MDP(1).o = [ 3 3 3 ;
3 3 3 ;
4 4 4 ;
1 1 5 ;
3 3 1 ];
MDP(2).o = [ 4 4 4 ;
1 1 1 ;
3 3 3 ;
1 1 5 ;
3 3 1 ];
MDP(3).o = [ 1 1 1 ;
2 2 2 ;
3 3 3 ;
1 1 5 ;
3 3 1 ];
MDP(4).o = [ 4 4 4 ;
2 2 2 ;
4 4 4 ;
1 1 3 ;
3 3 1 ];
MDP(5).o = [ 2 2 2 ;
1 1 1 ;
2 2 2 ;
1 1 3 ;
3 3 1 ];
MDP(6).o = [ 2 2 2 ;
3 3 3 ;
4 4 4 ;
1 1 5 ;
3 3 1 ];
MDP(7).o = [ 4 4 4 ;
4 4 4 ;
4 4 4 ;
1 1 4 ;
3 3 1 ];
MDP(8).o = [ 3 3 3 ;
2 2 2 ;
4 4 4 ;
1 1 4 ;
3 3 1 ];
MDP(9).o = [ 4 4 4 ;
1 1 1 ;
1 1 1 ;
1 1 2 ;
3 3 1 ];
MDP(10).o = [ 2 2 2 ;
3 3 3 ;
3 3 3 ;
1 1 4 ;
3 3 1 ];
MDP(11).o = [ 1 1 1 ;
2 2 2 ;
2 2 2 ;
1 1 4 ;
3 3 2 ];
MDP(12).o = [ 3 3 3 ;
1 1 1 ;
1 1 1 ;
1 1 3 ;
3 3 2 ];
MDP(13).o = [ 3 3 3 ;
2 2 2 ;
2 2 2 ;
1 1 5 ;
3 3 2 ];
MDP(14).o = [ 1 1 1 ;
3 3 3 ;
1 1 1 ;
1 1 4 ;
3 3 2 ];
MDP(15).o = [ 2 2 2 ;
1 1 1 ;
3 3 3 ;
1 1 3 ;
3 3 2 ];
MDP(16).o = [ 2 2 2 ;
4 4 4 ;
4 4 4 ;
1 1 3 ;
3 3 2 ];
MDP(17).o = [ 3 3 3 ;
3 3 3 ;
1 1 1 ;
1 1 5 ;
3 3 2 ];
MDP(18).o = [ 1 1 1 ;
3 3 3 ;
3 3 3 ;
1 1 2 ;
3 3 2 ];
MDP(19).o = [ 4 4 4 ;
4 4 4 ;
1 1 1 ;
1 1 5 ;
3 3 2 ];
MDP(20).o = [ 1 1 1 ;
4 4 4 ;
2 2 2 ;
1 1 2 ;
3 3 2 ];
MDP(21).o = [ 3 3 3 ;
1 1 1 ;
2 2 2 ;
1 1 2 ;
3 3 2 ];
MDP(22).o = [ 1 1 1 ;
4 4 4 ;
1 1 1 ;
1 1 3 ;
3 3 2 ];
MDP(23).o = [ 2 2 2 ;
4 4 4 ;
2 2 2 ;
1 1 5 ;
3 3 2 ];
MDP(24).o = [ 4 4 4 ;
1 1 1 ;
1 1 1 ;
1 1 4 ;
3 3 2 ];
MDP(25).o = [ 2 2 2 ;
1 1 1 ;
3 3 3 ;
1 1 3 ;
3 3 2 ];
MDP(26).o = [ 4 4 4 ;
2 2 2 ;
3 3 3 ;
1 1 5 ;
3 3 2 ];
MDP(27).o = [ 1 1 1 ;
4 4 4 ;
1 1 1 ;
1 1 3 ;
3 3 2 ];
MDP(28).o = [ 1 1 1 ;
2 2 2 ;
2 2 2 ;
1 1 4 ;
3 3 2 ];
MDP(1).u = [ 1 1 ;
1 1 ;
1 1 ;
1 1 ;
1 5 ];
MDP(2).u = [ 1 1 ;
1 1 ;
1 1 ;
1 1 ;
1 5 ];
MDP(3).u = [ 1 1 ;
1 1 ;
1 1 ;
1 1 ;
1 5 ];
MDP(4).u = [ 1 1 ;
1 1 ;
1 1 ;
1 1 ;
1 3 ];
MDP(5).u = [ 1 1 ;
1 1 ;
1 1 ;
1 1 ;
1 3 ];
MDP(6).u = [ 1 1 ;
1 1 ;
1 1 ;
1 1 ;
1 5 ];
MDP(7).u = [ 1 1 ;
1 1 ;
1 1 ;
1 1 ;
1 4 ];
MDP(8).u = [ 1 1 ;
1 1 ;
1 1 ;
1 1 ;
1 4 ];
MDP(9).u = [ 1 1 ;
1 1 ;
1 1 ;
1 1 ;
1 2 ];
MDP(10).u = [ 1 1 ;
1 1 ;
1 1 ;
1 1 ;
1 4 ];
MDP(11).u = [ 1 1 ;
1 1 ;
1 1 ;
1 1 ;
1 4 ];
MDP(12).u = [ 1 1 ;
1 1 ;
1 1 ;
1 1 ;
1 3 ];
MDP(13).u = [ 1 1 ;
1 1 ;
1 1 ;
1 1 ;
1 5 ];
MDP(14).u = [ 1 1 ;
1 1 ;
1 1 ;
1 1 ;
1 4 ];
MDP(15).u = [ 1 1 ;
1 1 ;
1 1 ;
1 1 ;
1 3 ];
MDP(16).u = [ 1 1 ;
1 1 ;
1 1 ;
1 1 ;
1 3 ];
MDP(17).u = [ 1 1 ;
1 1 ;
1 1 ;
1 1 ;
1 5 ];
MDP(18).u = [ 1 1 ;
1 1 ;
1 1 ;
1 1 ;
1 2 ];
MDP(19).u = [ 1 1 ;
1 1 ;
1 1 ;
1 1 ;
1 5 ];
MDP(20).u = [ 1 1 ;
1 1 ;
1 1 ;
1 1 ;
1 2 ];
MDP(21).u = [ 1 1 ;
1 1 ;
1 1 ;
1 1 ;
1 2 ];
MDP(22).u = [ 1 1 ;
1 1 ;
1 1 ;
1 1 ;
1 3 ];
MDP(23).u = [ 1 1 ;
1 1 ;
1 1 ;
1 1 ;
1 5 ];
MDP(24).u = [ 1 1 ;
1 1 ;
1 1 ;
1 1 ;
1 4 ];
MDP(25).u = [ 1 1 ;
1 1 ;
1 1 ;
1 1 ;
1 3 ];
MDP(26).u = [ 1 1 ;
1 1 ;
1 1 ;
1 1 ;
1 5 ];
MDP(27).u = [ 1 1 ;
1 1 ;
1 1 ;
1 1 ;
1 3 ];
MDP(28).u = [ 1 1 ;
1 1 ;
1 1 ;
1 1 ;
1 4 ];