function [MDP] = WSCT_get_data_3(MDP)
MDP(1).o = [ 3 3 3 ;
3 3 3 ;
1 1 1 ;
1 1 3 ;
3 3 1 ];
MDP(2).o = [ 2 2 2 ;
4 4 4 ;
4 4 4 ;
1 1 5 ;
3 3 1 ];
MDP(3).o = [ 1 1 1 ;
4 4 4 ;
1 1 1 ;
1 1 5 ;
3 3 1 ];
MDP(4).o = [ 4 4 4 ;
1 1 1 ;
1 1 1 ;
1 1 3 ;
3 3 1 ];
MDP(5).o = [ 2 2 2 ;
3 3 3 ;
3 3 3 ;
1 1 2 ;
3 3 1 ];
MDP(6).o = [ 1 1 1 ;
3 3 3 ;
1 1 1 ;
1 1 5 ;
3 3 1 ];
MDP(7).o = [ 4 4 4 ;
4 4 4 ;
1 1 1 ;
1 1 4 ;
3 3 1 ];
MDP(8).o = [ 3 3 3 ;
1 1 1 ;
2 2 2 ;
1 1 5 ;
3 3 1 ];
MDP(9).o = [ 2 2 2 ;
1 1 1 ;
3 3 3 ;
1 1 2 ;
3 3 1 ];
MDP(10).o = [ 3 3 3 ;
3 3 3 ;
4 4 4 ;
1 1 3 ;
3 3 1 ];
MDP(11).o = [ 1 1 1 ;
2 2 2 ;
2 2 2 ;
1 1 2 ;
3 3 1 ];
MDP(12).o = [ 3 3 3 ;
1 1 1 ;
1 1 1 ;
1 1 2 ;
3 3 1 ];
MDP(13).o = [ 2 2 2 ;
3 3 3 ;
4 4 4 ;
1 1 5 ;
3 3 1 ];
MDP(14).o = [ 2 2 2 ;
1 1 1 ;
2 2 2 ;
1 1 2 ;
3 3 1 ];
MDP(15).o = [ 3 3 3 ;
2 2 2 ;
4 4 4 ;
1 1 3 ;
3 3 2 ];
MDP(16).o = [ 2 2 2 ;
4 4 4 ;
2 2 2 ;
1 1 5 ;
3 3 2 ];
MDP(17).o = [ 1 1 1 ;
4 4 4 ;
2 2 2 ;
1 1 3 ;
3 3 1 ];
MDP(18).o = [ 4 4 4 ;
1 1 1 ;
3 3 3 ;
1 1 2 ;
3 3 2 ];
MDP(19).o = [ 1 1 1 ;
2 2 2 ;
3 3 3 ;
1 1 3 ;
3 3 2 ];
MDP(20).o = [ 4 4 4 ;
2 2 2 ;
4 4 4 ;
1 1 4 ;
3 3 2 ];
MDP(21).o = [ 4 4 4 ;
2 2 2 ;
3 3 3 ;
1 1 5 ;
3 3 2 ];
MDP(22).o = [ 1 1 1 ;
3 3 3 ;
3 3 3 ;
1 1 2 ;
3 3 2 ];
MDP(23).o = [ 4 4 4 ;
4 4 4 ;
4 4 4 ;
1 1 2 ;
3 3 2 ];
MDP(24).o = [ 4 4 4 ;
2 2 2 ;
4 4 4 ;
1 1 4 ;
3 3 2 ];
MDP(25).o = [ 4 4 4 ;
4 4 4 ;
1 1 1 ;
1 1 5 ;
3 3 2 ];
MDP(26).o = [ 2 2 2 ;
4 4 4 ;
4 4 4 ;
1 1 2 ;
3 3 1 ];
MDP(27).o = [ 2 2 2 ;
4 4 4 ;
2 2 2 ;
1 1 3 ;
3 3 1 ];
MDP(28).o = [ 3 3 3 ;
2 2 2 ;
4 4 4 ;
1 1 4 ;
3 3 1 ];
MDP(29).o = [ 4 4 4 ;
4 4 4 ;
4 4 4 ;
1 1 2 ;
3 3 2 ];
MDP(30).o = [ 2 2 2 ;
3 3 3 ;
3 3 3 ;
1 1 5 ;
3 3 2 ];
MDP(31).o = [ 2 2 2 ;
1 1 1 ;
3 3 3 ;
1 1 3 ;
3 3 2 ];
MDP(32).o = [ 3 3 3 ;
1 1 1 ;
1 1 1 ;
1 1 2 ;
3 3 1 ];
MDP(33).o = [ 3 3 3 ;
3 3 3 ;
1 1 1 ;
1 1 4 ;
3 3 1 ];
MDP(34).o = [ 1 1 1 ;
2 2 2 ;
2 2 2 ;
1 1 4 ;
3 3 2 ];
MDP(35).o = [ 4 4 4 ;
2 2 2 ;
3 3 3 ;
1 1 5 ;
3 3 2 ];
MDP(36).o = [ 1 1 1 ;
4 4 4 ;
1 1 1 ;
1 1 3 ;
3 3 2 ];
MDP(37).o = [ 1 1 1 ;
3 3 3 ;
1 1 1 ;
1 1 4 ;
3 3 2 ];
MDP(38).o = [ 2 2 2 ;
1 1 1 ;
2 2 2 ;
1 1 4 ;
3 3 2 ];
MDP(39).o = [ 3 3 3 ;
3 3 3 ;
4 4 4 ;
1 1 2 ;
3 3 2 ];
MDP(40).o = [ 2 2 2 ;
3 3 3 ;
4 4 4 ;
1 1 4 ;
3 3 2 ];
MDP(41).o = [ 1 1 1 ;
3 3 3 ;
3 3 3 ;
1 1 2 ;
3 3 2 ];
MDP(42).o = [ 4 4 4 ;
1 1 1 ;
1 1 1 ;
1 1 4 ;
3 3 2 ];
MDP(43).o = [ 1 1 1 ;
4 4 4 ;
2 2 2 ;
1 1 2 ;
3 3 2 ];
MDP(44).o = [ 3 3 3 ;
1 1 1 ;
2 2 2 ;
1 1 2 ;
3 3 2 ];
MDP(45).o = [ 4 4 4 ;
1 1 1 ;
3 3 3 ;
1 1 3 ;
3 3 1 ];
MDP(46).o = [ 3 3 3 ;
2 2 2 ;
2 2 2 ;
1 1 5 ;
3 3 2 ];
MDP(47).o = [ 2 2 2 ;
4 4 4 ;
4 4 4 ;
1 1 3 ;
3 3 2 ];
MDP(48).o = [ 3 3 3 ;
3 3 3 ;
1 1 1 ;
1 1 5 ;
3 3 2 ];
MDP(49).o = [ 4 4 4 ;
1 1 1 ;
1 1 1 ;
1 1 4 ;
3 3 2 ];
MDP(50).o = [ 1 1 1 ;
3 3 3 ;
1 1 1 ;
1 1 4 ;
3 3 2 ];
MDP(51).o = [ 4 4 4 ;
4 4 4 ;
1 1 1 ;
1 1 5 ;
3 3 2 ];
MDP(52).o = [ 4 4 4 ;
1 1 1 ;
3 3 3 ;
1 1 2 ;
3 3 2 ];
MDP(53).o = [ 1 1 1 ;
2 2 2 ;
3 3 3 ;
1 1 5 ;
3 3 1 ];
MDP(54).o = [ 1 1 1 ;
4 4 4 ;
1 1 1 ;
1 1 3 ;
3 3 2 ];
MDP(55).o = [ 4 4 4 ;
4 4 4 ;
4 4 4 ;
1 1 2 ;
3 3 2 ];
MDP(56).o = [ 2 2 2 ;
1 1 1 ;
3 3 3 ;
1 1 3 ;
3 3 2 ];
MDP(57).o = [ 1 1 1 ;
3 3 3 ;
3 3 3 ;
1 1 2 ;
3 3 2 ];
MDP(58).o = [ 3 3 3 ;
1 1 1 ;
1 1 1 ;
1 1 3 ;
3 3 2 ];
MDP(59).o = [ 4 4 4 ;
2 2 2 ;
3 3 3 ;
1 1 5 ;
3 3 2 ];
MDP(60).o = [ 3 3 3 ;
1 1 1 ;
2 2 2 ;
1 1 2 ;
3 3 2 ];
MDP(61).o = [ 3 3 3 ;
2 2 2 ;
2 2 2 ;
1 1 5 ;
3 3 2 ];
MDP(62).o = [ 1 1 1 ;
2 2 2 ;
2 2 2 ;
1 1 4 ;
3 3 2 ];
MDP(63).o = [ 3 3 3 ;
2 2 2 ;
4 4 4 ;
1 1 3 ;
3 3 2 ];
MDP(64).o = [ 2 2 2 ;
1 1 1 ;
2 2 2 ;
1 1 4 ;
3 3 2 ];
MDP(65).o = [ 4 4 4 ;
2 2 2 ;
4 4 4 ;
1 1 4 ;
3 3 2 ];
MDP(66).o = [ 2 2 2 ;
4 4 4 ;
2 2 2 ;
1 1 5 ;
3 3 2 ];
MDP(67).o = [ 3 3 3 ;
3 3 3 ;
4 4 4 ;
1 1 2 ;
3 3 2 ];
MDP(68).o = [ 1 1 1 ;
4 4 4 ;
2 2 2 ;
1 1 2 ;
3 3 2 ];
MDP(69).o = [ 2 2 2 ;
3 3 3 ;
3 3 3 ;
1 1 5 ;
3 3 2 ];
MDP(70).o = [ 1 1 1 ;
2 2 2 ;
2 2 2 ;
1 1 4 ;
3 3 2 ];
MDP(71).o = [ 3 3 3 ;
1 1 1 ;
1 1 1 ;
1 1 3 ;
3 3 2 ];
MDP(1).u = [ 1 1 ;
1 1 ;
1 1 ;
1 1 ;
1 3 ];
MDP(2).u = [ 1 1 ;
1 1 ;
1 1 ;
1 1 ;
1 5 ];
MDP(3).u = [ 1 1 ;
1 1 ;
1 1 ;
1 1 ;
1 5 ];
MDP(4).u = [ 1 1 ;
1 1 ;
1 1 ;
1 1 ;
1 3 ];
MDP(5).u = [ 1 1 ;
1 1 ;
1 1 ;
1 1 ;
1 2 ];
MDP(6).u = [ 1 1 ;
1 1 ;
1 1 ;
1 1 ;
1 5 ];
MDP(7).u = [ 1 1 ;
1 1 ;
1 1 ;
1 1 ;
1 4 ];
MDP(8).u = [ 1 1 ;
1 1 ;
1 1 ;
1 1 ;
1 5 ];
MDP(9).u = [ 1 1 ;
1 1 ;
1 1 ;
1 1 ;
1 2 ];
MDP(10).u = [ 1 1 ;
1 1 ;
1 1 ;
1 1 ;
1 3 ];
MDP(11).u = [ 1 1 ;
1 1 ;
1 1 ;
1 1 ;
1 2 ];
MDP(12).u = [ 1 1 ;
1 1 ;
1 1 ;
1 1 ;
1 2 ];
MDP(13).u = [ 1 1 ;
1 1 ;
1 1 ;
1 1 ;
1 5 ];
MDP(14).u = [ 1 1 ;
1 1 ;
1 1 ;
1 1 ;
1 2 ];
MDP(15).u = [ 1 1 ;
1 1 ;
1 1 ;
1 1 ;
1 3 ];
MDP(16).u = [ 1 1 ;
1 1 ;
1 1 ;
1 1 ;
1 5 ];
MDP(17).u = [ 1 1 ;
1 1 ;
1 1 ;
1 1 ;
1 3 ];
MDP(18).u = [ 1 1 ;
1 1 ;
1 1 ;
1 1 ;
1 2 ];
MDP(19).u = [ 1 1 ;
1 1 ;
1 1 ;
1 1 ;
1 3 ];
MDP(20).u = [ 1 1 ;
1 1 ;
1 1 ;
1 1 ;
1 4 ];
MDP(21).u = [ 1 1 ;
1 1 ;
1 1 ;
1 1 ;
1 5 ];
MDP(22).u = [ 1 1 ;
1 1 ;
1 1 ;
1 1 ;
1 2 ];
MDP(23).u = [ 1 1 ;
1 1 ;
1 1 ;
1 1 ;
1 2 ];
MDP(24).u = [ 1 1 ;
1 1 ;
1 1 ;
1 1 ;
1 4 ];
MDP(25).u = [ 1 1 ;
1 1 ;
1 1 ;
1 1 ;
1 5 ];
MDP(26).u = [ 1 1 ;
1 1 ;
1 1 ;
1 1 ;
1 2 ];
MDP(27).u = [ 1 1 ;
1 1 ;
1 1 ;
1 1 ;
1 3 ];
MDP(28).u = [ 1 1 ;
1 1 ;
1 1 ;
1 1 ;
1 4 ];
MDP(29).u = [ 1 1 ;
1 1 ;
1 1 ;
1 1 ;
1 2 ];
MDP(30).u = [ 1 1 ;
1 1 ;
1 1 ;
1 1 ;
1 5 ];
MDP(31).u = [ 1 1 ;
1 1 ;
1 1 ;
1 1 ;
1 3 ];
MDP(32).u = [ 1 1 ;
1 1 ;
1 1 ;
1 1 ;
1 2 ];
MDP(33).u = [ 1 1 ;
1 1 ;
1 1 ;
1 1 ;
1 4 ];
MDP(34).u = [ 1 1 ;
1 1 ;
1 1 ;
1 1 ;
1 4 ];
MDP(35).u = [ 1 1 ;
1 1 ;
1 1 ;
1 1 ;
1 5 ];
MDP(36).u = [ 1 1 ;
1 1 ;
1 1 ;
1 1 ;
1 3 ];
MDP(37).u = [ 1 1 ;
1 1 ;
1 1 ;
1 1 ;
1 4 ];
MDP(38).u = [ 1 1 ;
1 1 ;
1 1 ;
1 1 ;
1 4 ];
MDP(39).u = [ 1 1 ;
1 1 ;
1 1 ;
1 1 ;
1 2 ];
MDP(40).u = [ 1 1 ;
1 1 ;
1 1 ;
1 1 ;
1 4 ];
MDP(41).u = [ 1 1 ;
1 1 ;
1 1 ;
1 1 ;
1 2 ];
MDP(42).u = [ 1 1 ;
1 1 ;
1 1 ;
1 1 ;
1 4 ];
MDP(43).u = [ 1 1 ;
1 1 ;
1 1 ;
1 1 ;
1 2 ];
MDP(44).u = [ 1 1 ;
1 1 ;
1 1 ;
1 1 ;
1 2 ];
MDP(45).u = [ 1 1 ;
1 1 ;
1 1 ;
1 1 ;
1 3 ];
MDP(46).u = [ 1 1 ;
1 1 ;
1 1 ;
1 1 ;
1 5 ];
MDP(47).u = [ 1 1 ;
1 1 ;
1 1 ;
1 1 ;
1 3 ];
MDP(48).u = [ 1 1 ;
1 1 ;
1 1 ;
1 1 ;
1 5 ];
MDP(49).u = [ 1 1 ;
1 1 ;
1 1 ;
1 1 ;
1 4 ];
MDP(50).u = [ 1 1 ;
1 1 ;
1 1 ;
1 1 ;
1 4 ];
MDP(51).u = [ 1 1 ;
1 1 ;
1 1 ;
1 1 ;
1 5 ];
MDP(52).u = [ 1 1 ;
1 1 ;
1 1 ;
1 1 ;
1 2 ];
MDP(53).u = [ 1 1 ;
1 1 ;
1 1 ;
1 1 ;
1 5 ];
MDP(54).u = [ 1 1 ;
1 1 ;
1 1 ;
1 1 ;
1 3 ];
MDP(55).u = [ 1 1 ;
1 1 ;
1 1 ;
1 1 ;
1 2 ];
MDP(56).u = [ 1 1 ;
1 1 ;
1 1 ;
1 1 ;
1 3 ];
MDP(57).u = [ 1 1 ;
1 1 ;
1 1 ;
1 1 ;
1 2 ];
MDP(58).u = [ 1 1 ;
1 1 ;
1 1 ;
1 1 ;
1 3 ];
MDP(59).u = [ 1 1 ;
1 1 ;
1 1 ;
1 1 ;
1 5 ];
MDP(60).u = [ 1 1 ;
1 1 ;
1 1 ;
1 1 ;
1 2 ];
MDP(61).u = [ 1 1 ;
1 1 ;
1 1 ;
1 1 ;
1 5 ];
MDP(62).u = [ 1 1 ;
1 1 ;
1 1 ;
1 1 ;
1 4 ];
MDP(63).u = [ 1 1 ;
1 1 ;
1 1 ;
1 1 ;
1 3 ];
MDP(64).u = [ 1 1 ;
1 1 ;
1 1 ;
1 1 ;
1 4 ];
MDP(65).u = [ 1 1 ;
1 1 ;
1 1 ;
1 1 ;
1 4 ];
MDP(66).u = [ 1 1 ;
1 1 ;
1 1 ;
1 1 ;
1 5 ];
MDP(67).u = [ 1 1 ;
1 1 ;
1 1 ;
1 1 ;
1 2 ];
MDP(68).u = [ 1 1 ;
1 1 ;
1 1 ;
1 1 ;
1 2 ];
MDP(69).u = [ 1 1 ;
1 1 ;
1 1 ;
1 1 ;
1 5 ];
MDP(70).u = [ 1 1 ;
1 1 ;
1 1 ;
1 1 ;
1 4 ];
MDP(71).u = [ 1 1 ;
1 1 ;
1 1 ;
1 1 ;
1 3 ];