function [MDP] = WSCT_get_data_381(MDP)
MDP(1).o = [ 1 1 1 ;
4 4 4 ;
1 1 1 ;
5 5 3 ;
3 3 1 ];
MDP(2).o = [ 2 2 2 ;
3 3 3 ;
3 3 3 ;
5 5 1 ;
3 3 1 ];
MDP(3).o = [ 4 4 4 ;
4 4 4 ;
4 4 4 ;
5 5 4 ;
3 3 1 ];
MDP(4).o = [ 3 3 3 ;
1 1 1 ;
1 1 1 ;
5 5 4 ;
3 3 1 ];
MDP(5).o = [ 3 3 3 ;
1 1 1 ;
2 2 2 ;
5 5 3 ;
3 3 1 ];
MDP(6).o = [ 2 2 2 ;
1 1 1 ;
2 2 2 ;
5 5 1 ;
3 3 1 ];
MDP(7).o = [ 1 1 1 ;
3 3 3 ;
1 1 1 ;
5 5 1 ;
3 3 1 ];
MDP(8).o = [ 2 2 2 ;
1 1 1 ;
3 3 3 ;
5 5 3 ;
3 3 1 ];
MDP(9).o = [ 3 3 3 ;
2 2 2 ;
2 2 2 ;
5 5 2 ;
3 3 1 ];
MDP(10).o = [ 1 1 1 ;
4 4 4 ;
2 2 2 ;
5 5 3 ;
3 3 1 ];
MDP(11).o = [ 1 1 1 ;
3 3 3 ;
3 3 3 ;
5 5 4 ;
3 3 1 ];
MDP(12).o = [ 4 4 4 ;
1 1 1 ;
1 1 1 ;
5 5 2 ;
3 3 1 ];
MDP(13).o = [ 4 4 4 ;
4 4 4 ;
1 1 1 ;
5 5 1 ;
3 3 1 ];
MDP(14).o = [ 4 4 4 ;
2 2 2 ;
3 3 3 ;
5 5 3 ;
3 3 1 ];
MDP(15).o = [ 3 3 3 ;
3 3 3 ;
4 4 4 ;
5 5 4 ;
3 3 1 ];
MDP(16).o = [ 4 4 4 ;
1 1 1 ;
3 3 3 ;
5 5 2 ;
3 3 1 ];
MDP(17).o = [ 4 4 4 ;
2 2 2 ;
4 4 4 ;
5 5 2 ;
3 3 1 ];
MDP(18).o = [ 3 3 3 ;
3 3 3 ;
1 1 1 ;
5 5 3 ;
3 3 1 ];
MDP(19).o = [ 2 2 2 ;
4 4 4 ;
4 4 4 ;
5 5 4 ;
3 3 1 ];
MDP(20).o = [ 2 2 2 ;
3 3 3 ;
4 4 4 ;
5 5 4 ;
3 3 1 ];
MDP(21).o = [ 3 3 3 ;
2 2 2 ;
4 4 4 ;
5 5 3 ;
3 3 1 ];
MDP(22).o = [ 1 1 1 ;
2 2 2 ;
3 3 3 ;
5 5 1 ;
3 3 1 ];
MDP(23).o = [ 1 1 1 ;
2 2 2 ;
2 2 2 ;
5 5 2 ;
3 3 1 ];
MDP(24).o = [ 3 3 3 ;
1 1 1 ;
1 1 1 ;
5 5 3 ;
3 3 1 ];
MDP(25).o = [ 3 3 3 ;
1 1 1 ;
2 2 2 ;
5 5 3 ;
3 3 1 ];
MDP(26).o = [ 3 3 3 ;
2 2 2 ;
2 2 2 ;
5 5 3 ;
3 3 1 ];
MDP(27).o = [ 3 3 3 ;
3 3 3 ;
1 1 1 ;
5 5 2 ;
3 3 1 ];
MDP(28).o = [ 4 4 4 ;
4 4 4 ;
4 4 4 ;
5 5 3 ;
3 3 1 ];
MDP(29).o = [ 2 2 2 ;
1 1 1 ;
2 2 2 ;
5 5 4 ;
3 3 1 ];
MDP(30).o = [ 1 1 1 ;
2 2 2 ;
2 2 2 ;
5 5 1 ;
3 3 1 ];
MDP(31).o = [ 2 2 2 ;
3 3 3 ;
3 3 3 ;
5 5 2 ;
3 3 1 ];
MDP(32).o = [ 1 1 1 ;
2 2 2 ;
3 3 3 ;
5 5 4 ;
3 3 1 ];
MDP(33).o = [ 2 2 2 ;
3 3 3 ;
4 4 4 ;
5 5 4 ;
3 3 1 ];
MDP(34).o = [ 1 1 1 ;
4 4 4 ;
2 2 2 ;
5 5 2 ;
3 3 1 ];
MDP(35).o = [ 4 4 4 ;
1 1 1 ;
1 1 1 ;
5 5 1 ;
3 3 1 ];
MDP(36).o = [ 1 1 1 ;
3 3 3 ;
1 1 1 ;
5 5 4 ;
3 3 1 ];
MDP(37).o = [ 3 3 3 ;
2 2 2 ;
4 4 4 ;
5 5 1 ;
3 3 1 ];
MDP(38).o = [ 4 4 4 ;
2 2 2 ;
4 4 4 ;
5 5 4 ;
3 3 1 ];
MDP(39).o = [ 4 4 4 ;
1 1 1 ;
3 3 3 ;
5 5 2 ;
3 3 1 ];
MDP(40).o = [ 2 2 2 ;
1 1 1 ;
3 3 3 ;
5 5 4 ;
3 3 1 ];
MDP(41).o = [ 4 4 4 ;
2 2 2 ;
3 3 3 ;
5 5 3 ;
3 3 1 ];
MDP(42).o = [ 1 1 1 ;
3 3 3 ;
3 3 3 ;
5 5 2 ;
3 3 1 ];
MDP(43).o = [ 3 3 3 ;
3 3 3 ;
4 4 4 ;
5 5 3 ;
3 3 1 ];
MDP(44).o = [ 2 2 2 ;
4 4 4 ;
4 4 4 ;
5 5 3 ;
3 3 1 ];
MDP(45).o = [ 4 4 4 ;
4 4 4 ;
1 1 1 ;
5 5 3 ;
3 3 1 ];
MDP(46).o = [ 1 1 1 ;
4 4 4 ;
1 1 1 ;
5 5 3 ;
3 3 1 ];
MDP(47).o = [ 4 4 4 ;
4 4 4 ;
1 1 1 ;
5 5 3 ;
3 3 1 ];
MDP(48).o = [ 1 1 1 ;
3 3 3 ;
3 3 3 ;
5 5 2 ;
3 3 1 ];
MDP(49).o = [ 3 3 3 ;
1 1 1 ;
1 1 1 ;
5 5 4 ;
3 3 1 ];
MDP(50).o = [ 2 2 2 ;
1 1 1 ;
2 2 2 ;
5 5 4 ;
3 3 1 ];
MDP(51).o = [ 4 4 4 ;
4 4 4 ;
4 4 4 ;
5 5 3 ;
3 3 1 ];
MDP(52).o = [ 3 3 3 ;
1 1 1 ;
2 2 2 ;
5 5 4 ;
3 3 1 ];
MDP(53).o = [ 4 4 4 ;
2 2 2 ;
4 4 4 ;
5 5 1 ;
3 3 1 ];
MDP(54).o = [ 3 3 3 ;
2 2 2 ;
4 4 4 ;
5 5 4 ;
3 3 1 ];
MDP(55).o = [ 4 4 4 ;
2 2 2 ;
3 3 3 ;
5 5 3 ;
3 3 1 ];
MDP(56).o = [ 2 2 2 ;
3 3 3 ;
4 4 4 ;
5 5 4 ;
3 3 1 ];
MDP(57).o = [ 4 4 4 ;
1 1 1 ;
3 3 3 ;
5 5 3 ;
3 3 1 ];
MDP(58).o = [ 2 2 2 ;
3 3 3 ;
3 3 3 ;
5 5 1 ;
3 3 1 ];
MDP(59).o = [ 1 1 1 ;
4 4 4 ;
2 2 2 ;
5 5 4 ;
3 3 1 ];
MDP(60).o = [ 1 1 1 ;
2 2 2 ;
2 2 2 ;
5 5 4 ;
3 3 1 ];
MDP(61).o = [ 3 3 3 ;
3 3 3 ;
4 4 4 ;
5 5 3 ;
3 3 1 ];
MDP(62).o = [ 3 3 3 ;
3 3 3 ;
1 1 1 ;
5 5 3 ;
3 3 1 ];
MDP(63).o = [ 1 1 1 ;
4 4 4 ;
1 1 1 ;
5 5 4 ;
3 3 1 ];
MDP(64).o = [ 4 4 4 ;
1 1 1 ;
1 1 1 ;
5 5 2 ;
3 3 1 ];
MDP(65).o = [ 1 1 1 ;
3 3 3 ;
1 1 1 ;
5 5 2 ;
3 3 1 ];
MDP(66).o = [ 2 2 2 ;
1 1 1 ;
3 3 3 ;
5 5 4 ;
3 3 1 ];
MDP(67).o = [ 2 2 2 ;
4 4 4 ;
4 4 4 ;
5 5 3 ;
3 3 1 ];
MDP(68).o = [ 3 3 3 ;
2 2 2 ;
2 2 2 ;
5 5 1 ;
3 3 1 ];
MDP(69).o = [ 1 1 1 ;
2 2 2 ;
3 3 3 ;
5 5 3 ;
3 3 1 ];
MDP(70).o = [ 3 3 3 ;
1 1 1 ;
2 2 2 ;
5 5 2 ;
3 3 1 ];
MDP(71).o = [ 4 4 4 ;
4 4 4 ;
4 4 4 ;
5 5 4 ;
3 3 1 ];
MDP(72).o = [ 2 2 2 ;
1 1 1 ;
2 2 2 ;
5 5 2 ;
3 3 1 ];
MDP(73).o = [ 4 4 4 ;
1 1 1 ;
3 3 3 ;
5 5 3 ;
3 3 1 ];
MDP(74).o = [ 1 1 1 ;
4 4 4 ;
2 2 2 ;
5 5 2 ;
3 3 1 ];
MDP(75).o = [ 1 1 1 ;
4 4 4 ;
1 1 1 ;
5 5 3 ;
3 3 1 ];
MDP(76).o = [ 2 2 2 ;
3 3 3 ;
3 3 3 ;
5 5 2 ;
3 3 1 ];
MDP(77).o = [ 1 1 1 ;
2 2 2 ;
3 3 3 ;
5 5 3 ;
3 3 1 ];
MDP(78).o = [ 3 3 3 ;
2 2 2 ;
4 4 4 ;
5 5 1 ;
3 3 1 ];
MDP(79).o = [ 4 4 4 ;
1 1 1 ;
1 1 1 ;
5 5 4 ;
3 3 1 ];
MDP(80).o = [ 3 3 3 ;
1 1 1 ;
1 1 1 ;
5 5 1 ;
3 3 1 ];
MDP(81).o = [ 3 3 3 ;
3 3 3 ;
4 4 4 ;
5 5 4 ;
3 3 1 ];
MDP(82).o = [ 3 3 3 ;
2 2 2 ;
2 2 2 ;
5 5 4 ;
3 3 2 ];
MDP(83).o = [ 2 2 2 ;
3 3 3 ;
4 4 4 ;
5 5 3 ;
3 3 2 ];
MDP(84).o = [ 2 2 2 ;
4 4 4 ;
2 2 2 ;
5 5 4 ;
3 3 2 ];
MDP(85).o = [ 2 2 2 ;
1 1 1 ;
3 3 3 ;
5 5 2 ;
3 3 2 ];
MDP(86).o = [ 3 3 3 ;
3 3 3 ;
1 1 1 ;
5 5 4 ;
3 3 2 ];
MDP(87).o = [ 1 1 1 ;
3 3 3 ;
3 3 3 ;
5 5 1 ;
3 3 2 ];
MDP(88).o = [ 2 2 2 ;
4 4 4 ;
4 4 4 ;
5 5 2 ;
3 3 2 ];
MDP(89).o = [ 4 4 4 ;
4 4 4 ;
1 1 1 ;
5 5 4 ;
3 3 2 ];
MDP(90).o = [ 4 4 4 ;
2 2 2 ;
4 4 4 ;
5 5 3 ;
3 3 2 ];
MDP(91).o = [ 4 4 4 ;
2 2 2 ;
3 3 3 ;
5 5 4 ;
3 3 2 ];
MDP(92).o = [ 1 1 1 ;
2 2 2 ;
2 2 2 ;
5 5 3 ;
3 3 2 ];
MDP(93).o = [ 4 4 4 ;
1 1 1 ;
3 3 3 ;
5 5 1 ;
3 3 2 ];
MDP(94).o = [ 2 2 2 ;
1 1 1 ;
2 2 2 ;
5 5 3 ;
3 3 2 ];
MDP(95).o = [ 1 1 1 ;
2 2 2 ;
3 3 3 ;
5 5 2 ;
3 3 2 ];
MDP(96).o = [ 4 4 4 ;
2 2 2 ;
3 3 3 ;
5 5 4 ;
3 3 2 ];
MDP(97).o = [ 2 2 2 ;
4 4 4 ;
4 4 4 ;
5 5 2 ;
3 3 2 ];
MDP(98).o = [ 2 2 2 ;
3 3 3 ;
4 4 4 ;
5 5 3 ;
3 3 2 ];
MDP(99).o = [ 1 1 1 ;
4 4 4 ;
2 2 2 ;
5 5 1 ;
3 3 2 ];
MDP(1).u = [ 1 1 ;
1 1 ;
1 1 ;
1 1 ;
1 1 ;
5 3 ];
MDP(2).u = [ 1 1 ;
1 1 ;
1 1 ;
1 1 ;
1 1 ;
5 1 ];
MDP(3).u = [ 1 1 ;
1 1 ;
1 1 ;
1 1 ;
1 1 ;
5 4 ];
MDP(4).u = [ 1 1 ;
1 1 ;
1 1 ;
1 1 ;
1 1 ;
5 4 ];
MDP(5).u = [ 1 1 ;
1 1 ;
1 1 ;
1 1 ;
1 1 ;
5 3 ];
MDP(6).u = [ 1 1 ;
1 1 ;
1 1 ;
1 1 ;
1 1 ;
5 1 ];
MDP(7).u = [ 1 1 ;
1 1 ;
1 1 ;
1 1 ;
1 1 ;
5 1 ];
MDP(8).u = [ 1 1 ;
1 1 ;
1 1 ;
1 1 ;
1 1 ;
5 3 ];
MDP(9).u = [ 1 1 ;
1 1 ;
1 1 ;
1 1 ;
1 1 ;
5 2 ];
MDP(10).u = [ 1 1 ;
1 1 ;
1 1 ;
1 1 ;
1 1 ;
5 3 ];
MDP(11).u = [ 1 1 ;
1 1 ;
1 1 ;
1 1 ;
1 1 ;
5 4 ];
MDP(12).u = [ 1 1 ;
1 1 ;
1 1 ;
1 1 ;
1 1 ;
5 2 ];
MDP(13).u = [ 1 1 ;
1 1 ;
1 1 ;
1 1 ;
1 1 ;
5 1 ];
MDP(14).u = [ 1 1 ;
1 1 ;
1 1 ;
1 1 ;
1 1 ;
5 3 ];
MDP(15).u = [ 1 1 ;
1 1 ;
1 1 ;
1 1 ;
1 1 ;
5 4 ];
MDP(16).u = [ 1 1 ;
1 1 ;
1 1 ;
1 1 ;
1 1 ;
5 2 ];
MDP(17).u = [ 1 1 ;
1 1 ;
1 1 ;
1 1 ;
1 1 ;
5 2 ];
MDP(18).u = [ 1 1 ;
1 1 ;
1 1 ;
1 1 ;
1 1 ;
5 3 ];
MDP(19).u = [ 1 1 ;
1 1 ;
1 1 ;
1 1 ;
1 1 ;
5 4 ];
MDP(20).u = [ 1 1 ;
1 1 ;
1 1 ;
1 1 ;
1 1 ;
5 4 ];
MDP(21).u = [ 1 1 ;
1 1 ;
1 1 ;
1 1 ;
1 1 ;
5 3 ];
MDP(22).u = [ 1 1 ;
1 1 ;
1 1 ;
1 1 ;
1 1 ;
5 1 ];
MDP(23).u = [ 1 1 ;
1 1 ;
1 1 ;
1 1 ;
1 1 ;
5 2 ];
MDP(24).u = [ 1 1 ;
1 1 ;
1 1 ;
1 1 ;
1 1 ;
5 3 ];
MDP(25).u = [ 1 1 ;
1 1 ;
1 1 ;
1 1 ;
1 1 ;
5 3 ];
MDP(26).u = [ 1 1 ;
1 1 ;
1 1 ;
1 1 ;
1 1 ;
5 3 ];
MDP(27).u = [ 1 1 ;
1 1 ;
1 1 ;
1 1 ;
1 1 ;
5 2 ];
MDP(28).u = [ 1 1 ;
1 1 ;
1 1 ;
1 1 ;
1 1 ;
5 3 ];
MDP(29).u = [ 1 1 ;
1 1 ;
1 1 ;
1 1 ;
1 1 ;
5 4 ];
MDP(30).u = [ 1 1 ;
1 1 ;
1 1 ;
1 1 ;
1 1 ;
5 1 ];
MDP(31).u = [ 1 1 ;
1 1 ;
1 1 ;
1 1 ;
1 1 ;
5 2 ];
MDP(32).u = [ 1 1 ;
1 1 ;
1 1 ;
1 1 ;
1 1 ;
5 4 ];
MDP(33).u = [ 1 1 ;
1 1 ;
1 1 ;
1 1 ;
1 1 ;
5 4 ];
MDP(34).u = [ 1 1 ;
1 1 ;
1 1 ;
1 1 ;
1 1 ;
5 2 ];
MDP(35).u = [ 1 1 ;
1 1 ;
1 1 ;
1 1 ;
1 1 ;
5 1 ];
MDP(36).u = [ 1 1 ;
1 1 ;
1 1 ;
1 1 ;
1 1 ;
5 4 ];
MDP(37).u = [ 1 1 ;
1 1 ;
1 1 ;
1 1 ;
1 1 ;
5 1 ];
MDP(38).u = [ 1 1 ;
1 1 ;
1 1 ;
1 1 ;
1 1 ;
5 4 ];
MDP(39).u = [ 1 1 ;
1 1 ;
1 1 ;
1 1 ;
1 1 ;
5 2 ];
MDP(40).u = [ 1 1 ;
1 1 ;
1 1 ;
1 1 ;
1 1 ;
5 4 ];
MDP(41).u = [ 1 1 ;
1 1 ;
1 1 ;
1 1 ;
1 1 ;
5 3 ];
MDP(42).u = [ 1 1 ;
1 1 ;
1 1 ;
1 1 ;
1 1 ;
5 2 ];
MDP(43).u = [ 1 1 ;
1 1 ;
1 1 ;
1 1 ;
1 1 ;
5 3 ];
MDP(44).u = [ 1 1 ;
1 1 ;
1 1 ;
1 1 ;
1 1 ;
5 3 ];
MDP(45).u = [ 1 1 ;
1 1 ;
1 1 ;
1 1 ;
1 1 ;
5 3 ];
MDP(46).u = [ 1 1 ;
1 1 ;
1 1 ;
1 1 ;
1 1 ;
5 3 ];
MDP(47).u = [ 1 1 ;
1 1 ;
1 1 ;
1 1 ;
1 1 ;
5 3 ];
MDP(48).u = [ 1 1 ;
1 1 ;
1 1 ;
1 1 ;
1 1 ;
5 2 ];
MDP(49).u = [ 1 1 ;
1 1 ;
1 1 ;
1 1 ;
1 1 ;
5 4 ];
