function [MDP] = WSCT_get_data_768(MDP)
% learned rule after trial 176 (exactly at trial 177)
MDP(1).o = [ 1 1 1 ;
2 2 2 ;
3 3 3 ;
5 5 3 ;
3 3 1 ];
MDP(2).o = [ 2 2 2 ;
1 1 1 ;
3 3 3 ;
5 5 1 ;
3 3 1 ];
MDP(3).o = [ 2 2 2 ;
4 4 4 ;
2 2 2 ;
5 5 1 ;
3 3 1 ];
MDP(4).o = [ 1 1 1 ;
4 4 4 ;
1 1 1 ;
5 5 3 ;
3 3 1 ];
MDP(5).o = [ 2 2 2 ;
3 3 3 ;
3 3 3 ;
5 5 3 ;
3 3 1 ];
MDP(6).o = [ 4 4 4 ;
1 1 1 ;
1 1 1 ;
5 5 1 ;
3 3 1 ];
MDP(7).o = [ 1 1 1 ;
3 3 3 ;
1 1 1 ;
5 5 2 ;
3 3 1 ];
MDP(8).o = [ 2 2 2 ;
3 3 3 ;
4 4 4 ;
5 5 1 ;
3 3 1 ];
MDP(9).o = [ 4 4 4 ;
4 4 4 ;
1 1 1 ;
5 5 4 ;
3 3 2 ];
MDP(10).o = [ 4 4 4 ;
2 2 2 ;
3 3 3 ;
5 5 2 ;
3 3 1 ];
MDP(11).o = [ 1 1 1 ;
3 3 3 ;
3 3 3 ;
5 5 3 ;
3 3 1 ];
MDP(12).o = [ 3 3 3 ;
1 1 1 ;
1 1 1 ;
5 5 4 ;
3 3 1 ];
MDP(13).o = [ 4 4 4 ;
1 1 1 ;
3 3 3 ;
5 5 2 ;
3 3 1 ];
MDP(14).o = [ 3 3 3 ;
2 2 2 ;
2 2 2 ;
5 5 4 ;
3 3 2 ];
MDP(15).o = [ 3 3 3 ;
3 3 3 ;
1 1 1 ;
5 5 4 ;
3 3 2 ];
MDP(16).o = [ 2 2 2 ;
4 4 4 ;
4 4 4 ;
5 5 1 ;
3 3 1 ];
MDP(17).o = [ 4 4 4 ;
4 4 4 ;
4 4 4 ;
5 5 4 ;
3 3 1 ];
MDP(18).o = [ 4 4 4 ;
2 2 2 ;
4 4 4 ;
5 5 2 ;
3 3 1 ];
MDP(19).o = [ 2 2 2 ;
1 1 1 ;
2 2 2 ;
5 5 4 ;
3 3 1 ];
MDP(20).o = [ 1 1 1 ;
4 4 4 ;
2 2 2 ;
5 5 1 ;
3 3 2 ];
MDP(21).o = [ 3 3 3 ;
3 3 3 ;
4 4 4 ;
5 5 3 ;
3 3 1 ];
MDP(22).o = [ 1 1 1 ;
2 2 2 ;
2 2 2 ;
5 5 3 ;
3 3 2 ];
MDP(23).o = [ 3 3 3 ;
2 2 2 ;
4 4 4 ;
5 5 1 ;
3 3 1 ];
MDP(24).o = [ 3 3 3 ;
2 2 2 ;
2 2 2 ;
5 5 3 ;
3 3 1 ];
MDP(25).o = [ 2 2 2 ;
1 1 1 ;
3 3 3 ;
5 5 2 ;
3 3 2 ];
MDP(26).o = [ 3 3 3 ;
3 3 3 ;
1 1 1 ;
5 5 4 ;
3 3 2 ];
MDP(27).o = [ 3 3 3 ;
2 2 2 ;
4 4 4 ;
5 5 1 ;
3 3 1 ];
MDP(28).o = [ 2 2 2 ;
1 1 1 ;
2 2 2 ;
5 5 3 ;
3 3 2 ];
MDP(29).o = [ 1 1 1 ;
2 2 2 ;
2 2 2 ;
5 5 1 ;
3 3 1 ];
MDP(30).o = [ 2 2 2 ;
4 4 4 ;
4 4 4 ;
5 5 1 ;
3 3 1 ];
MDP(31).o = [ 4 4 4 ;
1 1 1 ;
3 3 3 ;
5 5 2 ;
3 3 1 ];
MDP(32).o = [ 3 3 3 ;
1 1 1 ;
2 2 2 ;
5 5 4 ;
3 3 1 ];
MDP(33).o = [ 3 3 3 ;
1 1 1 ;
1 1 1 ;
5 5 2 ;
3 3 2 ];
MDP(34).o = [ 4 4 4 ;
4 4 4 ;
4 4 4 ;
5 5 1 ;
3 3 2 ];
MDP(35).o = [ 4 4 4 ;
2 2 2 ;
4 4 4 ;
5 5 1 ;
3 3 1 ];
MDP(36).o = [ 2 2 2 ;
4 4 4 ;
2 2 2 ;
5 5 2 ;
3 3 1 ];
MDP(37).o = [ 1 1 1 ;
4 4 4 ;
1 1 1 ;
5 5 4 ;
3 3 1 ];
MDP(38).o = [ 3 3 3 ;
3 3 3 ;
4 4 4 ;
5 5 1 ;
3 3 2 ];
MDP(39).o = [ 1 1 1 ;
2 2 2 ;
3 3 3 ;
5 5 2 ;
3 3 2 ];
MDP(40).o = [ 4 4 4 ;
1 1 1 ;
1 1 1 ;
5 5 2 ;
3 3 1 ];
MDP(41).o = [ 1 1 1 ;
4 4 4 ;
2 2 2 ;
5 5 2 ;
3 3 1 ];
MDP(42).o = [ 2 2 2 ;
3 3 3 ;
3 3 3 ;
5 5 4 ;
3 3 2 ];
MDP(43).o = [ 1 1 1 ;
3 3 3 ;
1 1 1 ;
5 5 4 ;
3 3 1 ];
MDP(44).o = [ 2 2 2 ;
3 3 3 ;
4 4 4 ;
5 5 4 ;
3 3 1 ];
MDP(45).o = [ 4 4 4 ;
4 4 4 ;
1 1 1 ;
5 5 4 ;
3 3 2 ];
MDP(46).o = [ 4 4 4 ;
2 2 2 ;
3 3 3 ;
5 5 1 ;
3 3 1 ];
MDP(47).o = [ 3 3 3 ;
3 3 3 ;
1 1 1 ;
5 5 4 ;
3 3 2 ];
MDP(48).o = [ 1 1 1 ;
3 3 3 ;
1 1 1 ;
5 5 4 ;
3 3 1 ];
MDP(49).o = [ 4 4 4 ;
1 1 1 ;
3 3 3 ;
5 5 3 ;
3 3 1 ];
MDP(50).o = [ 3 3 3 ;
2 2 2 ;
2 2 2 ;
5 5 4 ;
3 3 2 ];
MDP(51).o = [ 2 2 2 ;
3 3 3 ;
4 4 4 ;
5 5 1 ;
3 3 1 ];
MDP(52).o = [ 2 2 2 ;
4 4 4 ;
2 2 2 ;
5 5 3 ;
3 3 1 ];
MDP(53).o = [ 2 2 2 ;
1 1 1 ;
2 2 2 ;
5 5 3 ;
3 3 2 ];
MDP(54).o = [ 1 1 1 ;
2 2 2 ;
3 3 3 ;
5 5 2 ;
3 3 2 ];
MDP(55).o = [ 2 2 2 ;
4 4 4 ;
4 4 4 ;
5 5 1 ;
3 3 1 ];
MDP(56).o = [ 1 1 1 ;
2 2 2 ;
2 2 2 ;
5 5 2 ;
3 3 1 ];
MDP(57).o = [ 4 4 4 ;
1 1 1 ;
1 1 1 ;
5 5 1 ;
3 3 1 ];
MDP(58).o = [ 3 3 3 ;
3 3 3 ;
4 4 4 ;
5 5 1 ;
3 3 2 ];
MDP(59).o = [ 3 3 3 ;
1 1 1 ;
1 1 1 ;
5 5 4 ;
3 3 1 ];
MDP(60).o = [ 1 1 1 ;
3 3 3 ;
3 3 3 ;
5 5 2 ;
3 3 1 ];
MDP(61).o = [ 2 2 2 ;
3 3 3 ;
3 3 3 ;
5 5 2 ;
3 3 1 ];
MDP(62).o = [ 3 3 3 ;
1 1 1 ;
2 2 2 ;
5 5 3 ;
3 3 1 ];
MDP(63).o = [ 4 4 4 ;
4 4 4 ;
4 4 4 ;
5 5 1 ;
3 3 2 ];
MDP(64).o = [ 4 4 4 ;
2 2 2 ;
3 3 3 ;
5 5 1 ;
3 3 1 ];
MDP(65).o = [ 1 1 1 ;
4 4 4 ;
2 2 2 ;
5 5 4 ;
3 3 1 ];
MDP(66).o = [ 2 2 2 ;
1 1 1 ;
3 3 3 ;
5 5 2 ;
3 3 2 ];
MDP(67).o = [ 4 4 4 ;
4 4 4 ;
1 1 1 ;
5 5 4 ;
3 3 2 ];
MDP(68).o = [ 4 4 4 ;
2 2 2 ;
4 4 4 ;
5 5 1 ;
3 3 1 ];
MDP(69).o = [ 1 1 1 ;
4 4 4 ;
1 1 1 ;
5 5 4 ;
3 3 1 ];
MDP(70).o = [ 2 2 2 ;
4 4 4 ;
2 2 2 ;
5 5 3 ;
3 3 1 ];
MDP(71).o = [ 1 1 1 ;
4 4 4 ;
1 1 1 ;
5 5 4 ;
3 3 1 ];
MDP(72).o = [ 4 4 4 ;
2 2 2 ;
4 4 4 ;
5 5 1 ;
3 3 1 ];
MDP(73).o = [ 4 4 4 ;
1 1 1 ;
3 3 3 ;
5 5 2 ;
3 3 1 ];
MDP(74).o = [ 2 2 2 ;
1 1 1 ;
3 3 3 ;
5 5 2 ;
3 3 2 ];
MDP(75).o = [ 3 3 3 ;
2 2 2 ;
2 2 2 ;
5 5 4 ;
3 3 2 ];
MDP(76).o = [ 4 4 4 ;
1 1 1 ;
1 1 1 ;
5 5 4 ;
3 3 1 ];
MDP(77).o = [ 2 2 2 ;
3 3 3 ;
3 3 3 ;
5 5 1 ;
3 3 1 ];
MDP(78).o = [ 3 3 3 ;
1 1 1 ;
1 1 1 ;
5 5 4 ;
3 3 1 ];
MDP(79).o = [ 4 4 4 ;
2 2 2 ;
3 3 3 ;
5 5 3 ;
3 3 1 ];
MDP(80).o = [ 1 1 1 ;
4 4 4 ;
2 2 2 ;
5 5 1 ;
3 3 2 ];
MDP(81).o = [ 2 2 2 ;
4 4 4 ;
4 4 4 ;
5 5 1 ;
3 3 1 ];
MDP(82).o = [ 3 3 3 ;
2 2 2 ;
4 4 4 ;
5 5 2 ;
3 3 2 ];
MDP(83).o = [ 2 2 2 ;
1 1 1 ;
2 2 2 ;
5 5 4 ;
3 3 1 ];
MDP(84).o = [ 1 1 1 ;
3 3 3 ;
1 1 1 ;
5 5 1 ;
3 3 1 ];
MDP(85).o = [ 4 4 4 ;
4 4 4 ;
4 4 4 ;
5 5 4 ;
3 3 1 ];
MDP(86).o = [ 2 2 2 ;
3 3 3 ;
4 4 4 ;
5 5 1 ;
3 3 1 ];
MDP(87).o = [ 3 3 3 ;
3 3 3 ;
4 4 4 ;
5 5 2 ;
3 3 1 ];
MDP(88).o = [ 1 1 1 ;
3 3 3 ;
3 3 3 ;
5 5 4 ;
3 3 1 ];
MDP(89).o = [ 3 3 3 ;
1 1 1 ;
2 2 2 ;
5 5 4 ;
3 3 1 ];
MDP(90).o = [ 4 4 4 ;
4 4 4 ;
1 1 1 ;
5 5 4 ;
3 3 2 ];
MDP(91).o = [ 1 1 1 ;
2 2 2 ;
2 2 2 ;
5 5 1 ;
3 3 1 ];
MDP(92).o = [ 1 1 1 ;
2 2 2 ;
3 3 3 ;
5 5 2 ;
3 3 2 ];
MDP(93).o = [ 1 1 1 ;
3 3 3 ;
3 3 3 ;
5 5 2 ;
3 3 1 ];
MDP(94).o = [ 4 4 4 ;
2 2 2 ;
4 4 4 ;
5 5 1 ;
3 3 1 ];
MDP(95).o = [ 4 4 4 ;
4 4 4 ;
1 1 1 ;
5 5 3 ;
3 3 1 ];
MDP(96).o = [ 1 1 1 ;
3 3 3 ;
1 1 1 ;
5 5 4 ;
3 3 1 ];
MDP(97).o = [ 1 1 1 ;
4 4 4 ;
1 1 1 ;
5 5 1 ;
3 3 1 ];
MDP(98).o = [ 4 4 4 ;
2 2 2 ;
3 3 3 ;
5 5 3 ;
3 3 1 ];
MDP(99).o = [ 3 3 3 ;
3 3 3 ;
4 4 4 ;
5 5 1 ;
3 3 2 ];
MDP(100).o = [ 2 2 2 ;
1 1 1 ;
2 2 2 ;
5 5 3 ;
3 3 2 ];
MDP(101).o = [ 2 2 2 ;
3 3 3 ;
3 3 3 ;
5 5 4 ;
3 3 2 ];
MDP(102).o = [ 4 4 4 ;
1 1 1 ;
1 1 1 ;
5 5 3 ;
3 3 2 ];
MDP(103).o = [ 2 2 2 ;
1 1 1 ;
3 3 3 ;
5 5 2 ;
3 3 2 ];
MDP(104).o = [ 2 2 2 ;
4 4 4 ;
4 4 4 ;
5 5 2 ;
3 3 2 ];
MDP(105).o = [ 3 3 3 ;
1 1 1 ;
1 1 1 ;
5 5 4 ;
3 3 1 ];
MDP(106).o = [ 3 3 3 ;
2 2 2 ;
2 2 2 ;
5 5 4 ;
3 3 2 ];
MDP(107).o = [ 1 1 1 ;
4 4 4 ;
2 2 2 ;
5 5 3 ;
3 3 1 ];
MDP(108).o = [ 1 1 1 ;
2 2 2 ;
3 3 3 ;
5 5 2 ;
3 3 2 ];
MDP(109).o = [ 3 3 3 ;
2 2 2 ;
4 4 4 ;
5 5 2 ;
3 3 2 ];
MDP(110).o = [ 4 4 4 ;
4 4 4 ;
4 4 4 ;
5 5 1 ;
3 3 2 ];
MDP(111).o = [ 4 4 4 ;
1 1 1 ;
3 3 3 ;
5 5 1 ;
3 3 2 ];
MDP(112).o = [ 2 2 2 ;
3 3 3 ;
4 4 4 ;
5 5 3 ;
3 3 2 ];
MDP(113).o = [ 3 3 3 ;
3 3 3 ;
1 1 1 ;
5 5 2 ;
3 3 1 ];
MDP(114).o = [ 3 3 3 ;
1 1 1 ;
2 2 2 ;
5 5 4 ;
3 3 1 ];
MDP(115).o = [ 2 2 2 ;
4 4 4 ;
2 2 2 ;
5 5 2 ;
3 3 1 ];
MDP(116).o = [ 1 1 1 ;
2 2 2 ;
2 2 2 ;
5 5 3 ;
3 3 2 ];
MDP(117).o = [ 4 4 4 ;
1 1 1 ;
1 1 1 ;
5 5 3 ;
3 3 2 ];
MDP(118).o = [ 4 4 4 ;
4 4 4 ;
4 4 4 ;
5 5 3 ;
3 3 1 ];
MDP(119).o = [ 1 1 1 ;
4 4 4 ;
2 2 2 ;
5 5 3 ;
3 3 1 ];
MDP(120).o = [ 2 2 2 ;
1 1 1 ;
3 3 3 ;
5 5 4 ;
3 3 1 ];
MDP(121).o = [ 3 3 3 ;
2 2 2 ;
4 4 4 ;
5 5 2 ;
3 3 2 ];
MDP(122).o = [ 3 3 3 ;
1 1 1 ;
1 1 1 ;
5 5 2 ;
3 3 2 ];
MDP(123).o = [ 2 2 2 ;
1 1 1 ;
2 2 2 ;
5 5 2 ;
3 3 1 ];
MDP(124).o = [ 1 1 1 ;
2 2 2 ;
3 3 3 ;
5 5 3 ;
3 3 1 ];
MDP(125).o = [ 3 3 3 ;
2 2 2 ;
2 2 2 ;
5 5 4 ;
3 3 2 ];
MDP(126).o = [ 2 2 2 ;
3 3 3 ;
4 4 4 ;
5 5 3 ;
3 3 2 ];
MDP(127).o = [ 2 2 2 ;
4 4 4 ;
4 4 4 ;
5 5 3 ;
3 3 1 ];
MDP(128).o = [ 3 3 3 ;
1 1 1 ;
2 2 2 ;
5 5 4 ;
3 3 1 ];
MDP(129).o = [ 2 2 2 ;
3 3 3 ;
3 3 3 ;
5 5 2 ;
3 3 1 ];
MDP(130).o = [ 2 2 2 ;
4 4 4 ;
2 2 2 ;
5 5 2 ;
3 3 1 ];
MDP(131).o = [ 4 4 4 ;
4 4 4 ;
1 1 1 ;
5 5 4 ;
3 3 2 ];
MDP(132).o = [ 3 3 3 ;
3 3 3 ;
1 1 1 ;
5 5 2 ;
3 3 1 ];
MDP(133).o = [ 1 1 1 ;
4 4 4 ;
1 1 1 ;
5 5 1 ;
3 3 1 ];
MDP(134).o = [ 4 4 4 ;
2 2 2 ;
4 4 4 ;
5 5 3 ;
3 3 2 ];
MDP(135).o = [ 4 4 4 ;
2 2 2 ;
3 3 3 ;
5 5 3 ;
3 3 1 ];
MDP(136).o = [ 3 3 3 ;
3 3 3 ;
4 4 4 ;
5 5 2 ;
3 3 1 ];
MDP(137).o = [ 1 1 1 ;
3 3 3 ;
1 1 1 ;
5 5 2 ;
3 3 1 ];
MDP(138).o = [ 1 1 1 ;
3 3 3 ;
3 3 3 ;
5 5 2 ;
3 3 1 ];
MDP(139).o = [ 4 4 4 ;
4 4 4 ;
1 1 1 ;
5 5 4 ;
3 3 2 ];
MDP(140).o = [ 3 3 3 ;
3 3 3 ;
4 4 4 ;
5 5 1 ;
3 3 2 ];
MDP(141).o = [ 2 2 2 ;
3 3 3 ;
4 4 4 ;
5 5 3 ;
3 3 2 ];
MDP(142).o = [ 1 1 1 ;
3 3 3 ;
1 1 1 ;
5 5 1 ;
3 3 1 ];
MDP(143).o = [ 1 1 1 ;
2 2 2 ;
3 3 3 ;
5 5 2 ;
3 3 2 ];
